id,price
1,55310.97
2,63415.26
3,23426.58
4,2480.76
5,5676.33
6,6562.88
7,4095.12
8,13332.51
9,4669.58
10,17880.91
11,4265.71
12,4682.52
13,4433.04
14,51817.0
15,39976.41
16,54153.28
17,54799.64
18,6503.55
19,64033.01
20,7386.913999999999
21,7544.43
22,65390.01
23,45426.0
24,5875.66
25,5268.7
26,4575.11
27,6023.57
28,5858.86
29,4144.09
30,6683.48
31,5679.64
32,65651.74
33,60404.26
34,52548.41
35,9842.87
36,5737.03
37,5101.86
38,46917.0
39,5511.61
40,2256.06
41,10083.51
42,78161.11
43,5210.0
44,3924.12
45,14175.48
46,2857.57
47,5879.94
48,12668.89
49,63915.71
50,5669.05
51,5544.82
52,2946.36
53,6687.88
54,4166.45
55,7184.48
56,3090.07
57,4301.9
58,38362.53
59,3198.95
60,66070.04
61,11974.93
62,44965.99
63,7251.78
64,10305.67
65,56243.55
66,59599.55
67,45445.85
68,12362.93
69,46952.9
70,44948.32
71,5694.85
72,6892.9
73,9962.35
74,8248.87
75,12987.4
76,6541.61
77,6238.94
78,3349.84
79,64043.8
80,13140.28
81,5072.46
82,6510.7
83,7355.55
84,6048.13
85,34460.68
86,59511.15
87,4980.63
88,13302.49
89,60179.16
90,4312.32
91,4575.89
92,63320.56
93,58251.23
94,84041.58
95,42677.64
96,8992.53
97,6073.32
98,16231.79
99,6422.17
100,67946.18
101,4919.13
102,8035.0
103,8167.16
104,2517.87
105,6104.17
106,9782.7
107,55415.11
108,56001.58
109,41992.25
110,2430.55
111,42695.75
112,52397.33
113,8730.72
114,2929.17
115,4131.01
116,3027.0
117,5641.15
118,3268.28
119,6018.57
120,15612.62
121,57634.12
122,13838.39
123,6522.98
124,45693.0
125,5598.7
126,6728.89
127,6698.84
128,12731.36
129,65620.52
130,4013.49
131,6545.18
132,54920.95
133,5586.4
134,6457.52
135,4419.52
136,49526.1
137,4762.83
138,7941.23
139,3983.82
140,4851.09
141,3479.45
142,51731.26
143,8524.7
144,1721.37
145,54859.37
146,2904.1
147,6363.34
148,14692.6325
149,5348.41
150,4732.03
151,7950.57
152,64996.64
153,7853.11
154,7028.36
155,62270.19
156,6485.02
157,6419.87
158,5233.39
159,6443.6
160,4633.1
161,55301.26
162,6844.12
163,68347.92
164,8297.2
165,58363.99
166,37192.23
167,59745.41
168,4243.94
169,10451.19
170,49988.87
171,1860.99
172,7229.95
173,54602.21
174,55041.18
175,5718.33
176,66705.03
177,3973.4
178,4460.57
179,5826.82
180,72988.36
181,29172.58
182,7428.03
183,13017.77
184,6550.75
185,24305.04
186,6887.18
187,8710.28
188,53164.0
189,13603.55
190,5596.62
191,58649.46
192,3175.74
193,56934.97
194,5597.12
195,4463.25
196,6425.52
197,2626.56
198,15152.39
199,9759.33
200,65363.38
201,69075.85
202,13044.07
203,3705.55
204,7270.17
205,61359.27
206,62081.11
207,4337.46
208,45249.0
209,50490.98
210,8702.74
211,59987.01
212,41280.88
213,4940.09
214,4825.49
215,6472.16
216,49668.35
217,4953.18
218,28440.33
219,7493.77
220,3392.21
221,4003.77
222,4372.99
223,22214.96
224,54777.15
225,48397.27
226,12370.02
227,6768.09
228,9789.01
229,5066.89
230,61607.05
231,4738.02
232,7054.81
233,14320.65
234,11151.03
235,3541.22
236,5837.57
237,3443.75
238,4070.71
239,2383.71
240,10748.7
241,61150.66
242,51457.25
243,3659.48
244,59524.68
245,8824.35
246,49613.0
247,53198.12
248,5138.725
249,5190.53
250,70540.53
251,8341.09
252,5334.76
253,54783.84
254,11870.58
255,6291.73
256,72850.62
257,4612.58
258,2474.37
259,4729.35
260,55986.76
261,3605.57
262,6354.34
263,54771.7
264,4018.64
265,6584.59
266,1659.28
267,42774.62
268,48385.75
269,47340.68
270,8389.03
271,6604.28
272,8159.87
273,47062.21
274,31853.95
275,2195.7
276,8877.21
277,27503.03
278,7636.0
279,32882.57
280,6212.36
281,37961.01
282,5266.19
283,5823.96
284,6476.47
285,49789.85
286,6658.69
287,38099.0
288,5541.53
289,61525.35
290,1798.41
291,2078.59
292,6461.0
293,8416.74
294,5851.17
295,4723.14
296,3684.63
297,54200.8
298,15206.79
299,10051.36
300,5403.69
301,64179.99
302,2735.05
303,7146.09
304,9920.94
305,53337.14
306,6549.28
307,51980.52
308,5251.42
309,52679.99
310,12798.51
311,5224.75
312,53970.6
313,3980.02
314,2462.63
315,3734.94
316,35083.18
317,4455.83
318,5337.18
319,9559.02
320,4268.64
321,4306.91
322,60841.14
323,5969.15
324,3816.49
325,6328.5
326,13823.4
327,6172.56
328,4659.75
329,5541.02
330,3510.65
331,10609.91
332,7900.68
333,66297.59
334,5299.4
335,7262.58
336,11383.7
337,4440.57
338,22560.14
339,13287.7
340,44280.0
341,46268.68
342,52196.13
343,3964.93
344,5905.29
345,13383.19
346,78507.43
347,3404.3
348,3499.95
349,6069.17
350,12933.2
351,4771.78
352,5949.0
353,5090.39
354,4649.64
355,4720.24
356,78369.26
357,51400.74
358,4850.9
359,4527.02
360,51797.8
361,58155.37
362,6134.76
363,50685.77
364,2479.28
365,64917.55
366,28504.04
367,3720.41
368,4472.43
369,6487.13
370,6189.45
371,10629.65
372,4078.85
373,5994.97
374,5968.16
375,12735.03
376,49616.83
377,5669.54
378,52699.38
379,4861.03
380,2127.18
381,63212.37
382,6535.81
383,7208.15
384,4404.14
385,6414.0
386,67614.17
387,66047.58
388,4621.28
389,52392.4
390,59671.72
391,58837.34
392,69645.82
393,8203.31
394,54961.59
395,72010.88
396,55335.39
397,53145.24
398,4829.31
399,7246.48
400,3652.48
401,7757.5
402,6460.39
403,9362.6
404,58141.5
405,58391.74
406,3813.65
407,5513.91
408,64125.39
409,5909.33
410,3691.78
411,6061.52
412,53583.43
413,6646.06
414,5823.6
415,5136.93
416,2485.4
417,28841.28
418,5396.96
419,56520.01
420,11234.83
421,4503.71
422,4781.84
423,4060.09
424,56789.77
425,15401.27
426,4005.05
427,3375.2
428,12652.67
429,2150.0
430,6060.72
431,49177.0
432,6503.04
433,6637.08
434,68075.62
435,2201.07
436,5643.94
437,11074.73
438,13162.07
439,6269.68
440,65412.65
441,8813.18
442,69162.35
443,4970.22
444,3769.64
445,4472.64
446,49774.59
447,53346.07
448,8212.22
449,3470.21
450,51274.24
451,49949.22
452,48112.27
453,5351.81
454,6514.76
455,5934.23
456,2105.1
457,49560.18
458,41683.13
459,10653.53
460,6935.35
461,5648.52
462,5949.0
463,4541.42
464,6321.81
465,1647.08
466,2150.0
467,6312.86
468,5617.06
469,4429.72
470,8527.4
471,9487.34
472,8011.8
473,4845.16
474,6310.69
475,4169.97
476,10376.15
477,12202.16
478,4520.63
479,14631.07
480,26948.84
481,5904.34
482,5848.88
483,3396.14
484,3500.9
485,10681.42
486,6235.72
487,65214.45
488,4870.81
489,51884.93
490,8370.68
491,51829.6
492,5203.06
493,58513.88
494,54177.26
495,5711.82
496,34634.88
497,5708.52
498,4544.95
499,74516.73
500,44280.0
501,4503.16
502,4717.95
503,63990.1
504,44144.0
505,43944.59
506,8048.05
507,5360.99
508,32814.47
509,2585.39
510,57113.0
511,7583.28
512,6436.62
513,38811.7
514,6603.67
515,74305.37
516,68398.15
517,3510.42
518,45923.18
519,4175.41
520,5664.49
521,70873.27
522,54475.91
523,4300.26
524,4678.76
525,9836.55
526,7051.65
527,6584.47
528,3064.75
529,6163.85
530,17918.04
531,52126.64
532,3985.42
533,57576.32
534,10718.94
535,10729.81
536,61064.51
537,56490.63
538,5710.2
539,4920.89
540,4056.51
541,4969.12
542,2988.44
543,8976.01
544,54587.4
545,79284.8
546,50629.78
547,3863.23
548,7239.69
549,68756.56
550,4639.36
551,55519.72
552,6105.96
553,5842.36
554,5012.44
555,5525.74
556,5768.83
557,57997.44
558,52539.68
559,6008.84
560,43089.21
561,43335.72
562,2640.61
563,6284.88
564,3843.1
565,4025.96
566,49692.48
567,14713.64
568,10488.9
569,7436.64
570,6522.98
571,4658.97
572,16843.81
573,13042.29
574,4499.81
575,48452.15
576,4316.72
577,53451.72
578,4185.82
579,49178.4
580,65351.81
581,37115.45
582,4773.81
583,2356.25
584,2201.07
585,6602.65
586,57287.71
587,12905.62
588,71972.45
589,4377.77
590,3152.12
591,7304.78
592,61849.86
593,69765.42
594,5493.61
595,15820.55
596,70244.57
597,5682.59
598,2727.09
599,11360.91
600,44456.01
601,6414.34
602,5151.67
603,3777.87
604,5518.5
605,53312.74
606,6843.7
607,65906.5
608,35819.01
609,3890.86
610,5734.37
611,54046.75
612,4337.93
613,66708.26
614,8532.08
615,6393.89
616,6555.95
617,4317.91
618,15158.87
619,62332.52
620,53166.1
621,69116.56
622,6051.62
623,6163.79
624,12348.86
625,4184.55
626,4929.33
627,48645.62
628,56476.17
629,5520.13
630,59191.44
631,5351.13
632,71045.39
633,5022.92
634,5230.1
635,3523.07
636,3843.89
637,8668.81
638,60556.94
639,2946.08
640,53908.04
641,39550.11
642,7802.8
643,4286.22
644,3172.18
645,4138.09
646,61844.98
647,74832.96
648,3045.91
649,11520.17
650,8336.72
651,49928.68
652,4222.05
653,64523.11
654,61595.88
655,6154.19
656,6694.61
657,3348.14
658,9434.67
659,53279.2
660,6076.68
661,6127.96
662,4745.26
663,3163.68
664,13811.29
665,5403.33
666,7649.06
667,15379.21
668,4668.56
669,4286.08
670,5426.46
671,55947.28
672,11437.6
673,6228.65
674,27976.0
675,59562.8
676,61108.47
677,33157.68
678,4936.82
679,14724.6
680,7349.51
681,5499.6
682,4704.84
683,7515.13
684,7268.4
685,7524.04
686,8579.16
687,14221.42
688,4962.92
689,4739.35
690,9952.32
691,4258.78
692,56128.69
693,7668.53
694,7799.32
695,4802.8
696,6306.78
697,6440.59
698,2846.61
699,11256.28
700,4614.82
701,60286.88
702,2511.38
703,3706.33
704,7205.17
705,50890.41
706,4059.14
707,51595.0
708,3610.58
709,3127.27
710,50963.11
711,12396.69
712,56736.74
713,40519.28
714,4949.34
715,58099.39
716,5425.48
717,7899.63
718,10832.19
719,25033.78
720,6559.33
721,61465.82
722,56574.29
723,54608.0
724,10339.54
725,38430.49
726,56173.19
727,4612.06
728,3307.0
729,6360.31
730,75992.2
731,28234.8
732,5015.9
733,4766.97
734,3665.56
735,49330.68
736,5734.42
737,3636.21
738,4462.6
739,59456.56
740,55560.44
741,55831.25
742,56479.89
743,4386.54
744,62511.24
745,12719.64
746,6288.27
747,54692.65
748,7590.28
749,55934.84
750,58512.95
751,5450.33
752,6482.49
753,5510.436666666667
754,3941.75
755,4810.27
756,57816.46
757,45896.34
758,5434.52
759,53340.44
760,4158.5
761,7527.9
762,5362.19
763,8113.74
764,7263.65
765,54896.0
766,4554.34
767,71169.76
768,6482.6
769,4957.6
770,6508.31
771,4399.51
772,52977.83
773,78354.47
774,6454.45
775,4508.12
776,43783.02
777,50609.85
778,5117.61
779,4713.2
780,2466.0
781,5426.34
782,42754.18
783,6154.23
784,23426.58
785,7002.14
786,6354.99
787,12524.92
788,4543.61
789,71876.04
790,17596.3
791,48083.5
792,32431.83
793,6924.1
794,32262.37
795,23185.86
796,64619.73
797,5653.41
798,7471.67
799,7813.86
800,1723.25
801,16012.64
802,5987.04
803,6063.16
804,52778.03
805,6256.25
806,24510.7
807,74021.56
808,13090.54
809,47547.41
810,8630.19
811,41491.77
812,6132.62
813,4908.48
814,66586.75
815,7257.15
816,8733.63
817,6191.77
818,5877.76
819,4308.49
820,63424.06
821,50969.33
822,5520.26
823,24082.3
824,52213.21
825,50963.65
826,6010.43
827,59185.83
828,2908.8
829,56457.43
830,5787.5
831,10914.77
832,3742.13
833,61489.52
834,63733.96
835,6287.99
836,4301.51
837,44769.92
838,15316.87
839,5255.92
840,11193.14
841,61184.86
842,47525.16
843,2891.23
844,24058.98
845,5918.47
846,68151.2
847,43376.0
848,9326.47
849,5739.45
850,14821.17
851,4119.24
852,7493.31
853,4027.44
854,44305.16
855,17655.79
856,4660.32
857,54684.0
858,4745.66
859,6229.21
860,8137.6
861,4787.02
862,2902.16
863,55261.96
864,6213.39
865,2953.08
866,11967.03
867,60164.45
868,2124.0
869,4109.98
870,67624.39
871,5344.18
872,16969.33
873,45208.77
874,7817.88
875,64386.59
876,6100.84
877,3416.4
878,46774.14
879,4020.88
880,62937.11
881,4771.38
882,4449.15
883,8966.41
884,4255.73
885,6631.91
886,6491.29
887,4129.01
888,53107.81
889,39499.0
890,2219.72
891,5933.93
892,2220.85
893,3306.37
894,62352.36
895,9604.95
896,63750.9
897,5657.35
898,59979.03
899,6520.9
900,5382.4
901,53425.3
902,42553.89
903,9749.17
904,4862.64
905,6442.31
906,6071.52
907,53480.25
908,61414.11
909,6615.32
910,6441.59
911,5682.87
912,5217.07
913,61525.06
914,4352.85
915,5696.82
916,54777.0
917,5973.88
918,33505.08
919,3814.54
920,11695.51
921,59442.91
922,12136.44
923,56099.72
924,4663.84
925,54813.13
926,4336.4
927,68675.78
928,5708.46
929,28440.33
930,13087.0
931,10385.52
932,3858.17
933,49177.0
934,4600.6
935,4783.41
936,4608.75
937,5227.85
938,47464.19
939,14046.63
940,5720.13
941,5640.28
942,65970.96
943,5988.41
944,5269.47
945,2375.78
946,9109.04
947,58014.4
948,2365.3
949,64119.03
950,61989.58
951,44193.6
952,54084.55
953,2248.66
954,13366.67
955,3759.01
956,53013.88
957,6277.14
958,7394.64
959,2962.3
960,67115.58
961,53128.32
962,5661.74
963,11834.71
964,3766.5
965,5510.19
966,6313.2
967,66465.4
968,11491.16
969,4727.98
970,3827.38
971,7312.1
972,60078.51
973,4271.77
974,50911.78
975,60284.38
976,60966.84
977,4356.87
978,75035.35
979,5903.66
980,5470.32
981,10611.22
982,60161.47
983,6055.51
984,5506.23
985,5340.8
986,6878.62
987,13045.38
988,5661.0
989,3345.95
990,6588.73
991,53128.46
992,61664.15
993,7186.89
994,52562.8
995,11970.21
996,3896.16
997,5314.79
998,6830.26
999,7220.46
1000,4163.44
1001,3637.8
1002,10743.32
1003,60462.75
1004,3549.11
1005,12821.49
1006,13094.27
1007,3922.89
1008,3787.46
1009,18600.12
1010,2777.14
1011,30982.7
1012,49744.13
1013,4299.76
1014,57719.24
1015,66330.49
1016,39394.63
1017,41015.39
1018,11026.88
1019,9253.22
1020,2933.22
1021,11624.81
1022,4854.26
1023,3372.76
1024,54887.08
1025,12627.02
1026,58317.9
1027,4145.32
1028,49461.48
1029,4747.43
1030,54684.0
1031,4798.07
1032,3151.75
1033,42518.62
1034,7486.64
1035,5447.1
1036,28239.16
1037,5121.21
1038,43639.0
1039,4640.92
1040,3097.65
1041,59622.59
1042,33105.42
1043,9748.53
1044,6270.07
1045,5658.6
1046,61951.11
1047,37393.84
1048,4476.27
1049,6403.36
1050,2113.27
1051,2863.44
1052,5503.94
1053,5717.85
1054,60849.92
1055,2975.59
1056,6517.3
1057,8183.6
1058,8575.23
1059,7592.6
1060,3229.48
1061,65954.69
1062,49644.92
1063,4177.3
1064,7976.27
1065,10907.93
1066,5108.31
1067,17663.07
1068,20654.01
1069,38432.83
1070,1756.57
1071,4697.78
1072,41885.71
1073,58474.53
1074,16575.07
1075,12153.87
1076,5833.36
1077,6447.71
1078,4830.41
1079,17303.6
1080,4346.84
1081,41805.37
1082,4193.96
1083,5824.58
1084,12822.78
1085,4330.11
1086,6409.21
1087,9958.39
1088,6365.91
1089,15402.76
1090,5779.03
1091,6384.31
1092,13705.06
1093,5883.24
1094,6160.36
1095,8252.19
1096,50264.33
1097,65425.9
1098,4663.08
1099,5492.3
1100,44622.25
1101,3222.66
1102,17277.01
1103,4311.37
1104,61889.27
1105,2825.19
1106,8563.38
1107,5495.72
1108,8108.88
1109,57927.7
1110,2390.14
1111,12285.77
1112,54141.69
1113,6324.5
1114,51625.54
1115,12164.64
1116,4243.23
1117,62230.97
1118,44144.0
1119,6522.7
1120,4043.71
1121,3679.96
1122,2066.79
1123,5506.78
1124,4531.34
1125,53628.92
1126,6568.0
1127,4998.69
1128,48330.11
1129,5732.66
1130,4814.51
1131,11897.38
1132,6242.93
1133,67968.85
1134,5904.45
1135,5686.48
1136,5422.75
1137,7333.59
1138,28047.64
1139,5805.81
1140,3921.32
1141,4926.09
1142,6043.59
1143,2384.67
1144,6567.42
1145,44144.0
1146,60368.46
1147,12759.05
1148,41101.0
1149,8776.63
1150,2933.65
1151,4561.4
1152,12493.85
1153,4419.82
1154,7242.89
1155,13892.85
1156,6560.44
1157,4969.26
1158,45249.05
1159,5589.99
1160,2827.17
1161,5280.12
1162,6081.32
1163,5845.63
1164,77053.13
1165,5453.44
1166,48532.89
1167,7173.93
1168,5911.36
1169,12623.08
1170,4157.07
1171,5839.42
1172,37525.29
1173,2812.73
1174,6964.15
1175,2812.29
1176,4328.6
1177,2118.24
1178,4689.0
1179,13913.79
1180,4312.19
1181,5086.38
1182,5742.65
1183,38370.89
1184,56950.82
1185,19211.31
1186,6536.57
1187,55958.83
1188,2752.09
1189,6053.48
1190,14684.18
1191,69175.94
1192,56344.2
1193,17130.785
1194,4721.54
1195,2800.78
1196,13962.3
1197,73655.51
1198,14336.63
1199,5692.63
1200,5999.46
1201,12027.67
1202,22497.3
1203,5774.64
1204,53871.41
1205,6070.91
1206,15405.38
1207,4512.07
1208,5980.6
1209,8341.52
1210,5136.14
1211,58132.73
1212,56587.48
1213,3911.18
1214,5486.55
1215,4330.35
1216,17246.88
1217,3796.96
1218,2979.79
1219,62405.73
1220,29013.92
1221,72604.63
1222,3949.0
1223,4282.28
1224,48484.31
1225,51817.0
1226,4356.33
1227,5523.53
1228,4468.41
1229,9984.8
1230,49879.34
1231,4605.7
1232,5108.17
1233,4378.82
1234,5806.07
1235,60603.56
1236,5599.03
1237,63456.17
1238,4382.45
1239,8634.44
1240,11494.84
1241,51705.88
1242,6473.09
1243,57992.0
1244,5725.52
1245,5989.88
1246,6320.35
1247,5252.61
1248,4740.0
1249,6831.71
1250,7274.75
1251,4405.82
1252,56767.75
1253,59560.21
1254,2343.09
1255,3773.22
1256,54756.44
1257,5771.67
1258,5190.33
1259,5479.75
1260,11792.4
1261,3622.09
1262,10396.96
1263,13294.045
1264,39707.96
1265,4239.19
1266,34460.68
1267,4642.43
1268,7174.64
1269,7410.0
1270,62917.7
1271,6831.23
1272,5057.03
1273,18032.309333333335
1274,10755.49
1275,6715.76
1276,4381.97
1277,77727.01
1278,10276.7
1279,12574.61
1280,72395.0
1281,23925.04
1282,58486.9
1283,4490.54
1284,5654.97
1285,3859.04
1286,56448.11
1287,6594.52
1288,76459.83
1289,5217.97
1290,8908.91
1291,6065.24
1292,50437.39
1293,11051.3
1294,11939.93
1295,5317.39
1296,52581.68
1297,5052.61
1298,11053.38
1299,12570.66
1300,10109.81
1301,7245.21
1302,54369.54
1303,2365.01
1304,4255.48
1305,6669.33
1306,4488.56
1307,5089.18
1308,7013.02
1309,54082.68
1310,79362.42
1311,6153.28
1312,13582.56
1313,50488.78
1314,37985.0
1315,10369.57
1316,13833.12
1317,5528.98
1318,5649.33
1319,2537.09
1320,23756.45
1321,5978.33
1322,7860.68
1323,2124.0
1324,6151.57
1325,48528.69
1326,3233.87
1327,6076.75
1328,67627.08
1329,4722.1
1330,7006.68
1331,6606.85
1332,12827.54
1333,2186.08
1334,12760.21
1335,8236.01
1336,6670.17
1337,39708.45
1338,6965.43
1339,5362.1
1340,10797.17
1341,9686.67
1342,2351.19
1343,2421.56
1344,8281.7
1345,2138.57
1346,67440.41
1347,4628.25
1348,47991.4
1349,5715.71
1350,6300.45
1351,12388.63
1352,10019.03
1353,10899.83
1354,4452.08
1355,10417.47
1356,42380.84
1357,29172.58
1358,10067.49
1359,8643.23
1360,12974.05
1361,4698.31
1362,44133.8
1363,8530.31
1364,10195.3
1365,44280.0
1366,65839.55
1367,11625.98
1368,6719.49
1369,51828.35
1370,60411.86
1371,4431.5
1372,21328.92
1373,6458.29
1374,45639.85
1375,4573.53
1376,10094.83
1377,5211.31
1378,4077.34
1379,4583.55
1380,54747.73
1381,4684.77
1382,70656.73
1383,51051.86
1384,41511.48
1385,5925.77
1386,4378.35
1387,3361.4
1388,6087.73
1389,57927.7
1390,5676.42
1391,49417.15
1392,2129.43
1393,48782.12
1394,51719.4
1395,2654.19
1396,4923.7
1397,6579.15
1398,54608.0
1399,35576.97
1400,68341.08
1401,9968.33
1402,57638.85
1403,6420.72
1404,2419.75
1405,33136.91
1406,9299.57
1407,76043.51
1408,11103.04
1409,4351.0
1410,45693.0
1411,10861.73
1412,6727.54
1413,66938.88
1414,13234.3
1415,55594.99
1416,5744.01
1417,6051.82
1418,2150.0
1419,4878.94
1420,5083.1
1421,49760.65
1422,4198.84
1423,40019.94
1424,6018.29
1425,49831.5
1426,4397.15
1427,8412.66
1428,44144.0
1429,2276.24
1430,3786.95
1431,44551.0
1432,60673.98
1433,3392.05
1434,1976.62
1435,3060.31
1436,70210.89
1437,7756.74
1438,29307.7
1439,60393.52
1440,45351.75
1441,7867.37
1442,64709.88
1443,51730.0
1444,7866.47
1445,66352.86
1446,52537.0
1447,10175.14
1448,42036.74
1449,2876.41
1450,65691.53
1451,3827.02
1452,50101.98
1453,5382.12
1454,6554.35
1455,4445.24
1456,41655.68
1457,51430.18
1458,6655.49
1459,3023.92
1460,3561.81
1461,13614.905
1462,6063.58
1463,48744.6
1464,2977.58
1465,2930.45
1466,2524.42
1467,46984.83
1468,44280.0
1469,52939.22
1470,3696.83
1471,14304.33
1472,15187.67
1473,3625.26
1474,56638.67
1475,3759.48
1476,12779.3125
1477,43541.78
1478,5154.33
1479,7250.03
1480,14437.45
1481,43048.85
1482,41385.16
1483,4009.61
1484,4670.81
1485,6712.34
1486,12332.94
1487,6944.34
1488,39143.77
1489,6515.6
1490,8610.49
1491,8673.35
1492,45746.07
1493,51128.96
1494,9949.14
1495,53781.64
1496,61615.22
1497,2629.03
1498,7433.13
1499,4769.42
1500,6085.53
1501,7525.68
1502,11932.57
1503,4419.64
1504,13755.67
1505,4653.53
1506,72425.71
1507,3739.06
1508,68911.0
1509,43662.87
1510,60876.09
1511,6715.18
1512,60043.63
1513,49177.0
1514,6111.6
1515,42979.0
1516,38590.12
1517,4743.03
1518,5842.39
1519,73050.58
1520,5136.96
1521,4609.69
1522,3280.86
1523,5904.58
1524,57273.19
1525,9563.49
1526,11793.63
1527,12804.64
1528,38374.52
1529,6146.29
1530,8597.36
1531,46515.73
1532,6854.36
1533,40058.97
1534,9056.28
1535,8553.42
1536,41313.55
1537,11699.45
1538,13566.99
1539,4064.27
1540,5876.57
1541,7004.56
1542,59933.95
1543,8201.23
1544,42406.62
1545,27903.29
1546,54684.0
1547,24226.88
1548,11202.55
1549,5732.38
1550,39184.52
1551,5856.03
1552,8402.68
1553,72571.34
1554,7582.09
1555,4637.78
1556,4849.84
1557,8419.24
1558,33655.38
1559,11136.11
1560,84165.9
1561,7258.77
1562,6332.81
1563,61102.22
1564,67688.87
1565,6593.92
1566,7486.01
1567,6022.5
1568,7603.64
1569,54889.11
1570,3648.71
1571,7985.54
1572,4468.35
1573,3411.34
1574,16635.85
1575,56458.35
1576,14824.25
1577,7801.96
1578,55377.0
1579,5316.42
1580,6420.02
1581,51595.0
1582,2480.8
1583,67269.46
1584,4371.56
1585,5219.83
1586,12958.1
1587,4180.98
1588,5364.2
1589,45201.0
1590,73265.49
1591,51352.18
1592,5539.48
1593,7357.08
1594,1854.84
1595,8044.62
1596,3092.38
1597,5734.49
1598,22182.64
1599,5450.79
1600,55455.09
1601,10797.11
1602,11456.6
1603,5835.86
1604,9477.77
1605,7254.82
1606,59897.62
1607,3479.0
1608,8767.16
1609,4818.67
1610,59514.23
1611,4057.2
1612,5391.49
1613,5366.44
1614,4578.46
1615,51595.0
1616,38465.94
1617,51113.99
1618,4771.82
1619,6208.2
1620,55197.46
1621,65674.6
1622,4883.96
1623,4251.26
1624,3960.29
1625,5137.13
1626,6757.39
1627,68832.68
1628,8878.17
1629,43273.34
1630,52465.61
1631,9303.56
1632,5355.68
1633,8166.56
1634,5215.93
1635,8462.86
1636,7475.39
1637,12072.03
1638,9403.59
1639,5148.41
1640,5888.07
1641,69504.39
1642,14106.55
1643,14530.03
1644,7286.47
1645,60432.29
1646,6443.58
1647,61986.4
1648,44144.0
1649,6286.78
1650,14636.06
1651,61875.33
1652,11613.18
1653,57128.04
1654,2376.09
1655,16106.25
1656,5273.19
1657,5569.54
1658,57400.37
1659,4260.46
1660,6282.28
1661,53244.46
1662,5516.38
1663,5434.35
1664,55474.66
1665,5354.6
1666,2833.91
1667,11099.61
1668,7890.93
1669,4927.76
1670,52405.87
1671,56425.32
1672,5237.05
1673,3826.81
1674,13632.17
1675,33930.72
1676,60607.68
1677,1942.43
1678,56925.11
1679,5455.95
1680,60296.85
1681,5012.66
1682,55622.45
1683,4955.67
1684,4475.85
1685,3279.32
1686,2638.6
1687,3380.16
1688,5559.93
1689,1756.57
1690,1647.08
1691,5736.75
1692,5684.4
1693,4896.41
1694,57530.23
1695,2408.58
1696,3496.77
1697,6656.47
1698,3996.18
1699,54910.24
1700,6844.6
1701,5357.27
1702,5932.09
1703,5519.84
1704,2762.86
1705,8361.16
1706,6560.36
1707,6523.09
1708,4450.72
1709,7783.85
1710,5472.36
1711,6998.51
1712,14511.65
1713,6329.15
1714,6018.45
1715,44242.56
1716,4667.85
1717,4507.54
1718,9796.25
1719,2278.81
1720,54769.74
1721,22216.54
1722,5923.4
1723,5984.28
1724,8015.12
1725,67379.81
1726,51813.1
1727,6190.46
1728,57511.1
1729,5254.47
1730,4539.74
1731,59100.86
1732,5908.41
1733,19926.23
1734,5364.34
1735,5886.97
1736,39803.64
1737,49324.84
1738,12293.88
1739,2934.37
1740,5307.74
1741,6186.41
1742,1609.41
1743,2108.09
1744,7424.44
1745,5508.1
1746,2836.87
1747,13543.93
1748,5019.275
1749,50329.15
1750,5689.66
1751,54575.32
1752,9599.68
1753,4637.08
1754,69527.8
1755,6183.97
1756,38921.81
1757,52566.18
1758,7397.48
1759,62749.02
1760,25916.77
1761,60432.87
1762,8921.28
1763,5324.76
1764,2136.03
1765,7147.26
1766,2112.48
1767,4808.55
1768,5372.59
1769,9672.46
1770,6547.36
1771,5422.27
1772,13168.48
1773,56478.41
1774,3526.43
1775,59355.44
1776,6537.98
1777,4932.0
1778,7937.12
1779,1105.0
1780,56958.09
1781,10173.23
1782,4390.76
1783,73729.16
1784,5613.84
1785,41694.35
1786,6447.74
1787,6866.95
1788,13185.04
1789,6647.32
1790,2388.23
1791,4292.99
1792,15548.4
1793,4192.37
1794,8554.94
1795,9982.37
1796,6154.39
1797,6004.52
1798,65253.79
1799,1856.89
1800,4836.29
1801,4817.25
1802,5526.82
1803,2269.74
1804,63100.12
1805,13408.83
1806,3057.51
1807,6533.23
1808,5447.89
1809,6097.18
1810,71673.54
1811,5709.65
1812,4792.45
1813,81207.2
1814,6223.02
1815,7656.17
1816,5797.1
1817,65313.76
1818,5214.06
1819,1959.22
1820,6453.45
1821,9308.58
1822,53285.72
1823,24607.44
1824,7407.38
1825,13163.12
1826,6988.97
1827,14139.38
1828,54621.74
1829,16519.19
1830,6232.9
1831,22140.0
1832,39223.13
1833,4183.15
1834,5124.77
1835,27864.0
1836,2130.87
1837,6548.19
1838,5161.42
1839,12004.46
1840,70604.27
1841,4806.64
1842,65214.64
1843,57411.44
1844,14933.09
1845,18584.91
1846,6161.5
1847,5282.32
1848,6448.94
1849,8824.53
1850,5347.9
1851,10108.52
1852,6203.21
1853,4564.22
1854,11499.92
1855,6817.47
1856,5106.85
1857,55738.12
1858,10105.45
1859,6313.76
1860,7657.35
1861,5726.67
1862,54075.47
1863,4239.02
1864,3084.42
1865,62952.54
1866,16554.74
1867,5431.07
1868,4968.43
1869,4476.58
1870,7033.5
1871,3655.85
1872,69883.26
1873,9714.64
1874,6762.59
1875,5188.12
1876,6901.3
1877,15354.195
1878,45748.37
1879,4915.41
1880,2332.8
1881,14044.2
1882,11616.16
1883,10136.64
1884,5949.0
1885,2535.03
1886,2550.99
1887,54441.32
1888,6880.36
1889,4315.16
1890,57663.74
1891,6007.14
1892,5627.56
1893,4247.1
1894,5718.15
1895,6062.12
1896,54684.0
1897,8726.55
1898,1994.2
1899,4429.2
1900,8521.35
1901,4640.48
1902,5130.03
1903,6307.57
1904,5170.48
1905,13949.31
1906,37985.0
1907,1808.93
1908,5433.61
1909,5751.15
1910,3418.69
1911,9945.75
1912,7233.7
1913,4295.23
1914,15967.53
1915,6977.69
1916,6424.34
1917,41429.92
1918,6986.49
1919,5069.6
1920,5960.15
1921,6162.68
1922,73155.52
1923,2201.04
1924,62620.05
1925,5196.54
1926,3738.58
1927,56523.36
1928,6715.78
1929,5334.0
1930,2219.22
1931,7566.53
1932,6887.39
1933,11977.81
1934,13141.89
1935,3437.08
1936,52352.03
1937,9303.37
1938,6527.45
1939,4811.53
1940,2601.39
1941,52097.58
1942,11463.26
1943,6420.76
1944,5886.6
1945,52028.27
1946,3435.19
1947,12182.95
1948,4836.05
1949,5116.13
1950,8614.56
1951,1855.73
1952,7491.15
1953,47022.46
1954,10057.05
1955,60214.79
1956,15839.96
1957,4969.92
1958,47819.49
1959,4556.03
1960,4816.83
1961,51687.18
1962,7631.32
1963,41094.88
1964,54371.63
1965,3520.83
1966,33379.59
1967,12628.58
1968,2910.09
1969,16915.71
1970,5641.33
1971,4758.83
1972,2008.12
1973,39613.58
1974,3792.83
1975,13456.94
1976,3857.08
1977,5856.46
1978,58176.79
1979,4185.46
1980,5457.6
1981,4955.88
1982,62416.08
1983,41096.26
1984,4275.85
1985,66555.57
1986,56023.58
1987,10255.38
1988,51107.74
1989,56360.46
1990,51284.98
1991,6028.33
1992,5631.37
1993,4694.22
1994,3559.52
1995,2186.01
1996,1765.05
1997,13411.04
1998,4914.33
1999,2100.17
2000,6762.86
2001,65319.33
2002,4241.47
2003,3987.0
2004,67600.68
2005,2348.44
2006,7038.31
2007,46649.58
2008,34516.56
2009,62263.81
2010,11930.61
2011,4349.31
2012,6394.85
2013,4753.21
2014,14462.73
2015,12094.43
2016,11696.74
2017,10809.17
2018,8739.03
2019,10594.88
2020,3752.78
2021,8368.68
2022,7215.74
2023,6088.56
2024,9523.07
2025,13622.24
2026,7705.83
2027,3376.74
2028,5896.42
2029,6913.83
2030,4230.96
2031,15985.9
2032,42505.72
2033,2976.43
2034,31517.48
2035,41248.72
2036,7090.71
2037,3082.32
2038,51605.48
2039,66092.48
2040,54982.83
2041,61832.31
2042,6556.1
2043,4650.82
2044,7761.972
2045,51229.16
2046,48690.16
2047,39499.0
2048,4400.98
2049,5659.57
2050,5144.49
2051,2289.57
2052,41056.68
2053,58584.36
2054,6669.9
2055,59933.34
2056,45026.26
2057,60632.75
2058,7266.69
2059,3499.23
2060,4416.34
2061,62646.47
2062,5027.77
2063,5801.22
2064,5344.53
2065,6410.76
2066,5883.43
2067,6570.51
2068,7715.85
2069,7645.99
2070,4658.91
2071,2285.75
2072,64757.77
2073,4526.75
2074,6225.73
2075,64161.68
2076,13466.99
2077,1637.05
2078,7962.31
2079,6153.34
2080,3818.14
2081,52726.2
2082,5451.52
2083,5202.62
2084,1741.33
2085,49737.8
2086,5353.01
2087,65382.22
2088,74254.06
2089,4248.77
2090,4429.22
2091,11356.52
2092,5418.72
2093,3727.5
2094,62809.43
2095,13746.82
2096,56790.9
2097,12125.3
2098,5949.0
2099,57427.51
2100,8757.09
2101,8354.26
2102,3560.26
2103,70271.31
2104,63020.36
2105,49725.0
2106,5453.33
2107,7690.7
2108,4145.42
2109,11554.24
2110,54855.56
2111,5133.24
2112,7737.24
2113,3629.54
2114,53973.95
2115,6571.15
2116,40636.89
2117,6038.82
2118,4828.56
2119,46262.71
2120,5112.01
2121,44273.36
2122,6260.64
2123,49464.5
2124,7574.74
2125,63043.63
2126,3235.88
2127,49121.44
2128,3679.58
2129,60535.71
2130,5004.87
2131,52063.0
2132,58762.28
2133,3543.9
2134,6124.99
2135,2835.95
2136,3273.28
2137,6164.69
2138,52189.29
2139,5386.38
2140,8775.39
2141,5056.67
2142,56412.96
2143,7005.08
2144,55678.73
2145,4263.98
2146,5124.42
2147,5025.05
2148,4519.04
2149,8856.73
2150,6554.77
2151,6240.83
2152,7963.36
2153,45240.27
2154,52132.16
2155,32564.72
2156,5016.53
2157,13460.26
2158,15699.87
2159,9908.65
2160,7656.16
2161,51707.0
2162,5537.21
2163,60104.36
2164,7313.43
2165,8317.53
2166,4099.83
2167,51682.09
2168,58612.84
2169,5887.01
2170,5269.72
2171,51630.55
2172,4196.94
2173,4657.56
2174,2976.78
2175,5466.2
2176,38396.45
2177,50271.0
2178,56882.57
2179,7658.61
2180,63864.1
2181,3088.37
2182,42206.41
2183,41372.12
2184,4728.51
2185,6886.94
2186,9109.72
2187,13974.98
2188,9232.49
2189,6312.58
2190,10456.58
2191,41314.0
2192,6373.27
2193,6483.65
2194,2223.03
2195,4780.15
2196,60979.05
2197,62448.0
2198,55694.75
2199,3304.15
2200,5314.19
2201,5458.26
2202,5554.29
2203,6832.57
2204,8669.23
2205,4609.64
2206,4626.61
2207,78889.49
2208,4994.71
2209,68176.76
2210,12261.49
2211,13659.72
2212,48604.95
2213,68799.44
2214,10972.84
2215,4932.04
2216,7430.27
2217,56723.54
2218,51871.9
2219,3198.72
2220,54761.28
2221,5358.52
2222,3071.56
2223,5708.04
2224,4310.23
2225,3983.41
2226,6339.78
2227,5126.86
2228,10744.59
2229,11533.92
2230,3374.78
2231,2349.09
2232,58559.0
2233,17155.83
2234,6304.24
2235,56813.69
2236,5020.84
2237,13111.74
2238,4754.75
2239,6729.38
2240,60282.39
2241,9897.33
2242,4989.4
2243,39676.86
2244,2150.0
2245,5136.06
2246,10173.4
2247,4470.07
2248,7673.49
2249,4932.33
2250,6926.03
2251,10471.29
2252,53259.41
2253,8210.82
2254,49402.52
2255,4682.02
2256,6546.27
2257,3231.4
2258,5882.05
2259,5584.04
2260,8084.22
2261,7640.66
2262,10576.49
2263,10490.83
2264,6452.17
2265,2730.66
2266,29737.82
2267,42491.47
2268,11041.23
2269,5921.64
2270,5003.9
2271,2886.02
2272,4865.59
2273,2124.0
2274,53560.52
2275,46448.93
2276,2599.01
2277,8995.51
2278,2561.13
2279,8980.33
2280,41064.0
2281,4686.88
2282,61967.84
2283,62070.67
2284,9204.07
2285,8574.92
2286,46344.89
2287,64919.79
2288,2263.84
2289,5881.53
2290,3923.68
2291,4873.15
2292,2222.5
2293,19065.33
2294,8932.69
2295,6325.98
2296,6462.56
2297,27987.6
2298,6707.37
2299,13064.66
2300,3354.41
2301,44144.0
2302,5674.9
2303,57929.33
2304,7978.61
2305,44595.17
2306,6427.41
2307,15347.16
2308,69924.84
2309,4399.21
2310,7644.97
2311,60311.33
2312,13165.52
2313,48392.69
2314,4763.52
2315,14029.9
2316,5013.432
2317,53164.0
2318,23440.5
2319,12941.68
2320,6301.25
2321,56589.76
2322,3956.11
2323,18087.68
2324,8928.24
2325,5827.91
2326,5889.61
2327,12263.17
2328,33393.25
2329,6413.32
2330,5992.95
2331,44351.96
2332,8821.84
2333,7123.51
2334,11757.79
2335,53083.41
2336,51133.74
2337,53594.41
2338,1978.2
2339,39550.11
2340,8895.64
2341,39613.58
2342,4948.98
2343,56821.89
2344,6506.11
2345,56057.46
2346,4472.83
2347,8637.52
2348,9749.31
2349,5871.52
2350,55164.65
2351,4281.26
2352,4675.43
2353,4562.8
2354,2393.01
2355,5544.83
2356,38869.79
2357,52906.77
2358,4708.68
2359,5794.86
2360,8230.64
2361,56767.45
2362,65706.13
2363,4633.27
2364,49455.66
2365,6550.06
2366,62551.44
2367,4330.99
2368,73265.49
2369,57905.11
2370,6048.84
2371,6327.16
2372,4685.57
2373,5343.77
2374,4340.35
2375,4206.65
2376,44144.0
2377,13830.64
2378,55385.51
2379,4807.1
2380,24268.02
2381,4060.17
2382,10196.01
2383,80804.44
2384,8273.94
2385,10209.74
2386,51817.0
2387,4878.54
2388,6477.54
2389,2975.85
2390,50281.37
2391,5778.32
2392,11285.64
2393,7038.14
2394,13459.7
2395,22151.88
2396,49428.86
2397,4416.16
2398,8918.45
2399,6923.05
2400,16658.69
2401,61319.8
2402,4579.37
2403,25691.12
2404,44808.93
2405,6317.65
2406,4437.96
2407,4517.27
2408,10401.99
2409,11121.9
2410,39140.47
2411,6696.65
2412,5940.52
2413,2831.24
2414,60259.04
2415,9924.26
2416,44211.16
2417,12316.53
2418,4702.27
2419,6313.52
2420,6109.91
2421,8347.12
2422,65077.16
2423,4530.75
2424,2397.91
2425,5433.14
2426,63990.71
2427,5313.67
2428,46786.41
2429,60939.93
2430,12789.21
2431,22182.64
2432,67837.48
2433,7549.64
2434,6097.89
2435,7773.65
2436,4396.74
2437,51817.0
2438,51274.24
2439,4583.15
2440,49857.96
2441,4358.16
2442,7077.38
2443,5252.84
2444,2524.82
2445,3000.0
2446,12409.79
2447,7780.73
2448,7511.39
2449,5266.51
2450,5888.35
2451,3867.0
2452,10615.38
2453,6758.87
2454,49533.15
2455,14424.2
2456,52373.91
2457,23944.0
2458,15612.54
2459,39701.06
2460,43528.05
2461,7132.55
2462,6055.48
2463,5737.62
2464,6698.12
2465,4476.37
2466,2018.32
2467,4459.14
2468,5894.98
2469,5061.21
2470,5620.71
2471,7516.98
2472,4131.99
2473,4622.52
2474,4756.32
2475,7965.45
2476,4200.09
2477,4050.95
2478,14320.82
2479,87143.45
2480,5240.73
2481,33123.4
2482,6113.51
2483,62770.89
2484,53000.78
2485,58807.47
2486,6407.94
2487,5201.82
2488,53257.91
2489,3623.59
2490,7915.36
2491,61899.75
2492,13737.76
2493,4966.85
2494,4308.8
2495,3576.72
2496,4949.31
2497,2430.13
2498,10635.22
2499,64874.02
2500,3730.47
2501,53308.49
2502,10015.12
2503,3127.06
2504,14680.75
2505,55053.53
2506,3022.88
2507,17605.9
2508,8436.96
2509,3960.78
2510,4989.15
2511,53164.0
2512,11199.49
2513,3798.56
2514,5876.56
2515,12619.33
2516,4974.0
2517,2240.01
2518,51960.36
2519,62441.77
2520,60508.0
2521,4607.78
2522,78976.82
2523,55983.0
2524,48298.59
2525,65109.27
2526,6133.67
2527,6315.44
2528,14126.97
2529,3087.48
2530,7020.48
2531,58736.11
2532,62077.95
2533,5165.24
2534,44904.51
2535,6720.1
2536,8113.73
2537,4460.69
2538,8531.27
2539,3524.83
2540,59429.27
2541,12413.29
2542,12517.53
2543,27824.84
2544,23298.32
2545,5316.75
2546,54684.0
2547,5328.77
2548,2119.48
2549,40726.33
2550,6085.49
2551,4784.73
2552,9168.8
2553,7213.92
2554,44144.0
2555,66925.0
2556,7594.21
2557,5925.88
2558,2303.63
2559,2898.2
2560,7468.76
2561,6962.89
2562,5962.58
2563,13509.84
2564,4661.49
2565,14342.84
2566,12730.13
2567,3404.25
2568,8577.24
2569,7945.59
2570,48945.39
2571,66127.99
2572,2124.0
2573,2432.01
2574,52080.66
2575,4776.42
2576,46506.06
2577,69016.19
2578,8381.97
2579,3526.0
2580,69932.29
2581,54182.84
2582,56248.84
2583,46614.11
2584,5402.18
2585,6338.16
2586,4747.29
2587,58040.15
2588,5526.55
2589,5190.69
2590,5893.49
2591,3704.06
2592,3474.62
2593,6202.76
2594,41957.9
2595,9784.79
2596,41583.88
2597,12858.78
2598,62234.5
2599,4545.21
2600,64151.88
2601,11534.8
2602,3843.22
2603,66771.15
2604,5669.0
2605,16005.79
2606,58191.29
2607,6682.9
2608,5824.87
2609,4584.03
2610,5394.59
2611,9077.47
2612,12059.44
2613,3250.11
2614,5949.0
2615,44490.01
2616,7489.91
2617,5293.57
2618,68692.62
2619,14154.48
2620,8731.13
2621,2573.93
2622,3967.67
2623,6946.17
2624,54885.1
2625,57035.09
2626,6182.19
2627,65018.34
2628,57250.84
2629,55474.92
2630,7064.67
2631,5512.74
2632,3685.98
2633,52088.3
2634,9636.54
2635,3091.37
2636,3929.72
2637,6421.89
2638,63246.27
2639,11716.97
2640,6165.39
2641,3986.91
2642,56963.31
2643,45560.73
2644,3794.02
2645,4383.6
2646,2481.75
2647,33105.42
2648,9784.23
2649,6429.51
2650,58365.49
2651,57772.87
2652,2300.79
2653,5453.74
2654,4004.33
2655,4691.12
2656,4912.44
2657,53288.04
2658,59021.0
2659,54029.6
2660,49797.92
2661,64541.14
2662,2062.55
2663,59494.65
2664,7810.58
2665,5441.48
2666,37322.8
2667,54871.87
2668,54684.0
2669,60414.98
2670,5053.11
2671,12020.69
2672,9963.72
2673,9571.55
2674,4986.84
2675,7374.48
2676,6784.99
2677,2411.96
2678,3492.18
2679,2370.21
2680,5606.06
2681,5557.41
2682,7187.75
2683,3035.1
2684,6152.08
2685,4914.67
2686,5974.88
2687,63016.51
2688,61292.31
2689,13010.1
2690,13230.5
2691,23834.76
2692,4197.03
2693,7526.33
2694,2160.79
2695,9997.9
2696,3044.87
2697,7238.87
2698,11270.71
2699,61189.91
2700,51515.49
2701,46757.63
2702,3090.0
2703,7107.66
2704,4491.02
2705,18313.02
2706,5890.69
2707,38042.12
2708,49731.27
2709,6025.22
2710,51886.72
2711,4953.34
2712,5978.81
2713,4616.89
2714,56588.0
2715,6806.77
2716,4550.0
2717,61442.41
2718,4116.37
2719,6861.72
2720,6322.72
2721,2409.79
2722,10320.19
2723,75866.48
2724,20193.265
2725,3059.39
2726,5336.82
2727,5925.06
2728,5108.22
2729,2611.26
2730,9918.66
2731,57647.23
2732,2646.8
2733,5721.85
2734,52817.15
2735,4529.11
2736,9309.42
2737,49639.99
2738,4337.41
2739,60005.43
2740,5534.65
2741,8385.5
2742,6890.91
2743,65536.4
2744,5651.51
2745,54992.27
2746,6497.11
2747,4027.02
2748,57953.01
2749,6896.74
2750,10385.07
2751,56581.95
2752,6872.87
2753,65246.46
2754,4790.24
2755,5956.22
2756,6103.64
2757,61796.36
2758,3141.38
2759,39795.98
2760,5557.07
2761,53381.54
2762,15460.68
2763,6449.01
2764,58083.05
2765,12791.89
2766,9644.85
2767,7637.75
2768,61110.27
2769,11395.88
2770,50280.98
2771,3478.76
2772,2759.52
2773,3620.46
2774,2977.93
2775,10846.96
2776,7477.42
2777,10646.81
2778,12207.77
2779,12183.59
2780,54652.7
2781,39449.37
2782,9231.65
2783,7982.91
2784,12325.31
2785,6579.8
2786,4201.48
2787,7021.33
2788,6771.36
2789,6272.72
2790,3048.93
2791,2343.38
2792,1850.68
2793,45672.0
2794,4500.0
2795,52222.12
2796,8333.24
2797,12067.32
2798,5854.99
2799,49983.99
2800,6369.61
2801,4235.32
2802,4161.85
2803,28734.24
2804,3614.5
2805,6122.17
2806,65975.0
2807,63344.87
2808,4591.0
2809,54461.08
2810,6122.61
2811,4213.76
2812,5640.87
2813,11808.36
2814,1782.65
2815,8747.72
2816,6876.16
2817,7360.51
2818,5495.31
2819,2786.52
2820,3631.09
2821,8058.84
2822,5539.65
2823,4252.68
2824,6273.37
2825,2571.95
2826,7740.36
2827,4602.55
2828,53480.49
2829,8923.31
2830,4777.48
2831,4017.56
2832,6506.01
2833,4947.14
2834,5368.38
2835,9288.16
2836,2077.14
2837,8787.63
2838,47391.8
2839,48030.04
2840,5546.53
2841,38976.33
2842,46591.37
2843,52194.44
2844,57872.3
2845,2580.37
2846,5159.98
2847,22291.4
2848,7344.87
2849,3088.53
2850,46752.31
2851,5603.38
2852,6298.95
2853,49379.5
2854,60052.38
2855,13850.56
2856,8345.88
2857,51595.0
2858,5143.99
2859,18228.83
2860,6294.56
2861,4847.79
2862,8142.03
2863,4557.03
2864,60417.95
2865,2848.06
2866,2644.0
2867,6446.52
2868,13325.82
2869,53045.69
2870,10644.88
2871,48893.97
2872,58325.6
2873,9677.38
2874,12553.44
2875,6202.53
2876,5949.0
2877,5333.02
2878,7223.37
2879,10310.48
2880,33148.41
2881,2880.94
2882,52080.66
2883,44997.03
2884,7001.0
2885,3715.1
2886,44144.0
2887,8244.07
2888,24259.0
2889,3076.17
2890,1703.45
2891,5658.95
2892,40040.95
2893,7019.81
2894,4347.63
2895,7564.61
2896,14762.96
2897,5522.66
2898,3511.82
2899,11478.97
2900,6191.81
2901,4643.0
2902,56985.14
2903,13569.66
2904,52212.5
2905,5346.37
2906,55174.6
2907,5615.91
2908,46358.43
2909,44280.0
2910,11312.47
2911,6828.71
2912,5092.44
2913,6276.01
2914,55897.93
2915,5385.19
2916,5093.58
2917,4735.24
2918,8696.58
2919,60238.72
2920,12539.09
2921,3087.61
2922,7440.31
2923,13995.42
2924,41314.0
2925,15369.39
2926,7463.11
2927,5229.92
2928,5250.5
2929,39996.69
2930,9082.4
2931,17220.08
2932,5428.21
2933,69743.38
2934,15264.32
2935,57541.85
2936,48507.13
2937,8426.13
2938,7125.91
2939,5366.54
2940,4550.61
2941,56305.56
2942,6249.11
2943,6018.26
2944,2544.94
2945,16352.65
2946,63834.58
2947,11514.16
2948,40980.74
2949,4576.08
2950,5839.74
2951,6451.26
2952,7381.91
2953,54731.2
2954,17242.6
2955,44518.41
2956,12769.87
2957,6316.94
2958,4857.62
2959,6770.23
2960,7280.44
2961,3851.03
2962,3197.35
2963,11034.06
2964,8221.2
2965,42505.72
2966,4216.55
2967,5578.36
2968,52554.82
2969,4653.77
2970,17794.0
2971,6195.73
2972,8154.95
2973,2178.66
2974,8746.03
2975,51780.58
2976,54684.0
2977,17556.98
2978,5227.16
2979,6658.59
2980,5686.86
2981,6322.27
2982,52145.42
2983,12384.62
2984,54805.57
2985,5207.91
2986,6255.45
2987,7050.06
2988,65210.19
2989,12793.175
2990,3544.78
2991,64349.28
2992,46279.68
2993,2492.24
2994,4338.59
2995,3163.05
2996,45504.22
2997,6260.57
2998,43629.8
2999,5959.5
3000,6249.04
3001,6227.69
3002,59785.5
3003,3519.38
3004,6152.24
3005,5843.55
3006,45781.64
3007,6804.37
3008,59056.35
3009,6902.52
3010,65585.94
3011,6822.24
3012,5030.04
3013,2801.09
3014,38687.42
3015,41314.0
3016,42273.16
3017,78385.18
3018,57832.88
3019,8217.71
3020,3620.78
3021,5095.81
3022,4509.34
3023,2973.5
3024,6803.9
3025,6419.31
3026,6792.89
3027,62182.25
3028,6438.25
3029,6477.4
3030,5466.93
3031,4045.07
3032,6154.42
3033,59086.56
3034,6248.72
3035,44565.6
3036,4181.82
3037,6143.06
3038,4655.03
3039,15889.965
3040,57705.35
3041,5876.62
3042,13712.04
3043,4289.68
3044,4074.54
3045,6951.07
3046,4242.36
3047,59693.03
3048,8467.64
3049,61471.56
3050,2569.79
3051,45272.57
3052,52972.18
3053,6524.84
3054,54684.0
3055,51058.29
3056,3624.55
3057,7576.2
3058,60508.0
3059,2505.71
3060,4347.89
3061,58417.88
3062,4724.34
3063,3074.73
3064,11391.37
3065,6396.16
3066,22845.56
3067,4498.32
3068,2234.97
3069,6711.42
3070,7576.24
3071,6039.49
3072,62007.5
3073,6705.91
3074,2653.03
3075,5583.8
3076,42019.69
3077,10102.16
3078,3805.31
3079,2477.92
3080,3418.59
3081,63904.98
3082,14284.65
3083,11551.87
3084,6339.01
3085,14146.24
3086,11368.89
3087,10916.01
3088,4453.93
3089,4438.17
3090,7676.92
3091,3404.13
3092,7416.48
3093,6159.5
3094,6537.93
3095,4254.55
3096,6522.59
3097,7075.45
3098,54684.0
3099,6889.05
3100,6300.32
3101,55123.31
3102,29972.29
3103,5448.69
3104,9445.41
3105,6735.68
3106,20930.735
3107,53557.22
3108,44062.22
3109,6645.86
3110,60503.88
3111,47676.53
3112,6039.42
3113,5583.2
3114,2255.28
3115,49780.95
3116,3803.38
3117,9531.93
3118,4516.84
3119,9594.52
3120,59907.69
3121,63786.33
3122,55941.27
3123,3052.53
3124,63424.64
3125,33796.9
3126,4150.99
3127,6795.49
3128,56895.1
3129,52276.47
3130,2201.01
3131,6845.83
3132,11971.0
3133,4380.33
3134,2346.59
3135,6510.61
3136,64872.17
3137,59094.8
3138,7692.19
3139,5120.17
3140,45969.92
3141,4415.97
3142,50271.0
3143,51734.35
3144,4758.11
3145,13020.73
3146,48782.83
3147,2804.9
3148,3963.04
3149,7225.86
3150,1765.98
3151,58125.68
3152,6626.31
3153,14175.18
3154,57089.14
3155,7311.922
3156,5528.75
3157,5039.08
3158,6054.88
3159,5392.91
3160,11842.63
3161,4161.69
3162,45639.84
3163,74560.31
3164,6778.67
3165,14041.17
3166,5963.7
3167,1903.68
3168,38099.0
3169,5644.84
3170,6633.05
3171,6394.56
3172,13634.68
3173,11546.92
3174,5992.17
3175,5949.0
3176,6461.79
3177,4654.81
3178,3728.56
3179,6902.07
3180,9864.57
3181,64173.0
3182,50039.2
3183,19138.25
3184,2346.3
3185,3965.15
3186,4889.44
3187,4619.8
3188,7256.24
3189,3953.07
3190,6031.23
3191,47488.09
3192,63190.58
3193,42496.14
3194,62950.0
3195,53277.71
3196,6944.03
3197,5797.63
3198,37985.0
3199,72484.23
3200,62096.54
3201,9238.55
3202,8880.87
3203,8536.92
3204,12092.32
3205,31488.66
3206,6183.03
3207,67726.05
3208,4653.65
3209,77370.66
3210,6566.97
3211,6144.37
3212,5184.32
3213,4941.67
3214,5537.29
3215,54756.44
3216,4383.59
3217,23962.08
3218,6068.95
3219,4735.25
3220,35222.32
3221,48738.28
3222,3879.43
3223,48005.59
3224,6032.09
3225,5579.58
3226,62390.58
3227,4946.93
3228,4111.0
3229,4725.35
3230,7454.98
3231,8537.5
3232,5010.96
3233,8598.85
3234,4327.53
3235,12738.78
3236,2587.53
3237,4295.98
3238,5270.26
3239,2028.18
3240,4744.3
3241,3953.75
3242,6441.75
3243,5326.72
3244,61399.43
3245,39383.78
3246,55024.87
3247,59513.96
3248,5699.73
3249,10848.62
3250,10160.2
3251,47267.52
3252,5778.76
3253,68469.04
3254,5992.23
3255,4472.21
3256,5958.17
3257,74490.84
3258,51091.42
3259,6300.97
3260,4922.31
3261,33296.76
3262,2184.8
3263,6065.36
3264,14296.71
3265,5657.12
3266,3172.4
3267,2896.39
3268,5778.26
3269,2401.08
3270,7341.56
3271,2645.11
3272,15737.04
3273,6377.53
3274,5535.09
3275,6332.66
3276,22514.88
3277,3074.03
3278,60711.06
3279,52323.18
3280,7217.15
3281,5987.55
3282,6070.93
3283,7339.97
3284,4460.07
3285,5934.18
3286,4498.66
3287,12722.25
3288,4003.13
3289,10382.4
3290,8895.67
3291,48285.8
3292,10058.4
3293,11372.01
3294,54994.8
3295,59935.97
3296,51754.28
3297,4768.97
3298,6362.4
3299,4738.19
3300,5485.04
3301,14887.48
3302,7066.44
3303,54006.4
3304,3812.96
3305,5014.75
3306,4357.39
3307,5573.85
3308,44968.8
3309,4437.35
3310,37190.05
3311,5363.91
3312,36817.32
3313,12657.61
3314,5377.47
3315,5774.47
3316,28094.57
3317,6384.53
3318,9973.73
3319,56566.12
3320,5322.0
3321,2589.51
3322,4978.55
3323,4194.86
3324,2826.13
3325,7287.93
3326,3164.46
3327,49427.56
3328,14288.44
3329,4522.78
3330,6302.25
3331,12357.89
3332,3493.52
3333,7047.23
3334,7284.74
3335,54624.67
3336,59281.8
3337,13593.99
3338,4263.22
3339,61784.75
3340,5125.74
3341,9438.69
3342,4945.2
3343,2129.86
3344,2414.66
3345,42582.96
3346,57223.69
3347,11764.59
3348,3585.04
3349,67235.56
3350,58117.95
3351,4508.89
3352,6525.62
3353,5980.11
3354,4484.2
3355,9990.13
3356,6364.25
3357,6901.02
3358,12952.22
3359,2599.09
3360,56713.17
3361,39068.44
3362,4487.08
3363,11181.98
3364,2553.76
3365,5325.76
3366,8353.48
3367,7846.3
3368,13488.15
3369,5477.47
3370,9596.76
3371,3727.31
3372,1825.3
3373,32176.4
3374,8089.35
3375,56355.7
3376,50208.7
3377,10669.09
3378,4536.48
3379,57133.9
3380,56810.58
3381,5944.25
3382,2415.8
3383,11216.12
3384,2639.68
3385,3105.91
3386,63719.72
3387,5713.9
3388,13393.85
3389,8443.01
3390,4500.31
3391,56752.98
3392,35988.71
3393,42655.43
3394,66395.59
3395,54644.02
3396,57798.58
3397,2963.59
3398,2820.03
3399,50345.62
3400,4938.05
3401,62123.54
3402,59212.08
3403,8517.64
3404,14426.48
3405,19996.86
3406,5545.41
3407,14169.92
3408,6699.26
3409,8212.94
3410,56637.19
3411,4168.14
3412,10163.04
3413,2364.97
3414,2222.5
3415,57229.76
3416,8848.68
3417,52406.1
3418,70650.88
3419,5293.93
3420,5380.23
3421,5758.02
3422,16483.37
3423,4319.72
3424,10266.35
3425,55491.3
3426,22298.8
3427,18361.51
3428,54199.5
3429,6278.87
3430,53008.82
3431,3643.88
3432,4674.09
3433,3837.73
3434,6111.28
3435,4603.39
3436,11941.66
3437,60978.0
3438,13356.06
3439,5197.8
3440,4692.28
3441,6185.82
3442,12051.68
3443,55125.67
3444,4757.21
3445,8803.51
3446,44280.0
3447,6290.78
3448,6081.28
3449,56624.38
3450,4891.42
3451,5680.15
3452,4438.18
3453,44354.27
3454,3666.08
3455,13000.17
3456,51560.0
3457,48845.23
3458,14024.94
3459,62481.71
3460,50262.18
3461,2864.5
3462,6993.84
3463,2833.32
3464,5800.63
3465,60858.56
3466,4671.29
3467,4993.06
3468,44280.0
3469,62016.25
3470,2001.0
3471,56386.05
3472,68928.74
3473,57544.87
3474,55827.08
3475,22459.12
3476,18514.87
3477,7339.39
3478,12105.94
3479,60739.75
3480,4110.86
3481,4858.35
3482,42276.38
3483,42554.73
3484,28153.84
3485,62772.43
3486,6506.54
3487,13242.13
3488,17390.8
3489,5465.96
3490,36502.01
3491,6193.17
3492,10612.38
3493,33505.08
3494,2994.89
3495,9025.58
3496,15432.455
3497,7514.31
3498,7432.5
3499,5992.93
3500,4777.3
3501,13508.49
3502,62220.81
3503,46253.87
3504,15766.7
3505,60260.0
3506,13092.49
3507,6061.57
3508,5155.17
3509,3387.69
3510,58380.18
3511,3579.26
3512,59355.75
3513,5344.77
3514,45160.38
3515,10010.79
3516,2684.68
3517,13200.7
3518,11725.85
3519,7705.17
3520,8311.0
3521,16799.76
3522,5888.6
3523,5220.25
3524,2196.35
3525,5573.91
3526,5559.82
3527,46321.32
3528,5122.96
3529,3873.5
3530,5252.09
3531,4069.32
3532,9197.37
3533,7289.95
3534,2808.98
3535,44650.86
3536,42927.46
3537,4573.47
3538,4934.66
3539,5891.52
3540,4783.88
3541,3140.26
3542,1934.03
3543,7469.62
3544,2216.0
3545,4078.03
3546,3079.47
3547,4000.15
3548,26208.52
3549,56845.92
3550,52055.74
3551,6317.29
3552,5304.89
3553,4147.99
3554,52842.93
3555,60508.0
3556,4197.2
3557,4797.63
3558,5853.84
3559,9519.77
3560,61915.69
3561,56578.35
3562,7167.08
3563,6285.49
3564,2916.92
3565,13886.35
3566,2859.31
3567,7417.54
3568,3813.26
3569,3077.95
3570,63755.8
3571,2478.19
3572,3792.01
3573,6535.87
3574,12758.49
3575,61743.13
3576,57526.99
3577,12645.78
3578,4002.22
3579,5155.54
3580,42457.0
3581,53785.37
3582,69930.26
3583,22409.99
3584,33367.6
3585,53785.37
3586,3945.63
3587,5608.82
3588,52392.0
3589,53852.58
3590,14474.17
3591,5238.13
3592,54353.08
3593,11012.03
3594,6860.75
3595,7598.91
3596,10855.14
3597,53609.3
3598,7253.06
3599,60009.39
3600,2340.96
3601,4314.45
3602,6902.45
3603,11302.69
3604,7840.79
3605,61222.61
3606,8394.46
3607,40614.1
3608,54955.99
3609,4651.9
3610,5614.49
3611,68204.35
3612,12403.53
3613,4638.1
3614,58145.5
3615,4856.29
3616,11217.82
3617,4132.65
3618,12081.65
3619,7351.76
3620,4183.65
3621,12378.87
3622,45940.56
3623,4719.38
3624,10259.8
3625,60516.34
3626,24396.42
3627,10803.89
3628,7249.06
3629,5995.53
3630,2476.45
3631,4699.25
3632,9923.0
3633,12245.48
3634,9941.22
3635,59691.77
3636,11713.26
3637,1817.89
3638,3807.55
3639,3172.47
3640,3877.33
3641,3515.41
3642,5625.46
3643,62606.9
3644,5366.8
3645,2890.86
3646,5314.48
3647,6646.75
3648,39584.36
3649,56672.88
3650,4578.8
3651,7424.81
3652,52372.79
3653,6339.96
3654,5450.56
3655,10148.54
3656,5853.83
3657,3052.76
3658,54626.11
3659,3600.83
3660,4249.52
3661,60773.73
3662,1836.14
3663,60311.33
3664,6257.21
3665,4546.87
3666,41817.75
3667,8615.96
3668,12899.83
3669,5764.57
3670,14355.83
3671,2812.82
3672,46303.36
3673,48857.43
3674,2699.96
3675,11815.14
3676,8777.62
3677,3534.8
3678,9796.9
3679,3225.97
3680,4090.05
3681,65626.39
3682,61955.85
3683,7494.36
3684,39647.03
3685,48836.44
3686,3455.18
3687,3560.08
3688,41281.78
3689,61490.75
3690,4707.34
3691,5627.04
3692,6455.14
3693,9052.8
3694,74692.59
3695,6194.8
3696,3595.43
3697,4423.2
3698,69281.04
3699,57367.56
3700,2239.8
3701,16576.323166666665
3702,7221.74
3703,1818.26
3704,4763.42
3705,5290.6
3706,15017.97
3707,7758.85
3708,4461.24
3709,8802.73
3710,33830.38
3711,55133.11
3712,54946.24
3713,14917.26
3714,2634.43
3715,7084.22
3716,4639.13
3717,8233.28
3718,10915.54
3719,4274.26
3720,24389.16
3721,4044.51
3722,4258.21
3723,6936.91
3724,3979.24
3725,63109.67
3726,63003.2
3727,4578.65
3728,55182.55
3729,12445.85
3730,7839.64
3731,6843.5
3732,3051.94
3733,4360.18
3734,5328.27
3735,60711.29
3736,4039.07
3737,14018.26
3738,11025.65
3739,6457.04
3740,54608.0
3741,60462.75
3742,8036.87
3743,8755.84
3744,23796.38
3745,54428.86
3746,9415.44
3747,74566.46
3748,8938.91
3749,7761.78
3750,6890.19
3751,4967.02
3752,49705.76
3753,9401.31
3754,65730.33
3755,4906.5
3756,31388.17
3757,6837.29
3758,8390.99
3759,6293.44
3760,10376.83
3761,4808.91
3762,1946.39
3763,65055.68
3764,51797.8
3765,3850.49
3766,3468.04
3767,2350.13
3768,51875.05
3769,49177.0
3770,4882.13
3771,6477.97
3772,3403.16
3773,6906.64
3774,9568.47
3775,3403.05
3776,7483.04
3777,5084.99
3778,4620.39
3779,5062.6
3780,42832.88
3781,5937.86
3782,12186.26
3783,51403.49
3784,10226.37
3785,12994.32
3786,54684.0
3787,53861.45
3788,55581.12
3789,14017.68
3790,2485.1
3791,4417.2
3792,56583.11
3793,11391.3
3794,37904.26
3795,5018.25
3796,5285.85
3797,12184.8
3798,39291.97
3799,23381.78
3800,5351.78
3801,5812.24
3802,8593.68
3803,28456.73
3804,9936.45
3805,7725.64
3806,6509.7
3807,6029.77
3808,8578.18
3809,4992.91
3810,55479.33
3811,53440.78
3812,55418.19
3813,44806.98
3814,9681.84
3815,4905.59
3816,2108.48
3817,51697.0
3818,44144.0
3819,2398.64
3820,3641.47
3821,7339.5
3822,54756.44
3823,2713.38
3824,33491.31
3825,6620.81
3826,39613.58
3827,41185.13
3828,7223.8
3829,12246.18
3830,12002.14
3831,6794.28
3832,5942.61
3833,5451.62
3834,4917.63
3835,36715.43
3836,4398.4
3837,34460.68
3838,56457.43
3839,9397.06
3840,2320.82
3841,53708.3
3842,62840.89
3843,5889.93
3844,27864.0
3845,60371.51
3846,4828.9
3847,37511.63
3848,6440.71
3849,6918.58
3850,3144.92
3851,3095.84
3852,5834.53
3853,44666.93
3854,7293.3
3855,5088.97
3856,60379.01
3857,5818.58
3858,5965.68
3859,12988.71
3860,5158.33
3861,10642.94
3862,2893.6
3863,51708.1
3864,3568.87
3865,45807.89
3866,24835.02
3867,8070.08
3868,4657.73
3869,23966.82
3870,3395.81
3871,51508.04
3872,4412.45
3873,6374.73
3874,33508.66
3875,6858.12
3876,6032.8
3877,7326.32
3878,6545.79
3879,13543.07
3880,49553.0
3881,9670.45
3882,9902.37
3883,7648.75
3884,6887.11
3885,60260.0
3886,4789.17
3887,27987.2
3888,10425.67
3889,2500.69
3890,4419.66
3891,6709.12
3892,5343.98
3893,6647.86
3894,10324.94
3895,42408.79
3896,1770.61
3897,6318.18
3898,2256.62
3899,4298.71
3900,6984.72
3901,11491.65
3902,4881.69
3903,55323.85
3904,46689.8
3905,58292.67
3906,4334.36
3907,50345.71
3908,61660.51
3909,59302.35
3910,6058.07
3911,4031.8
3912,4102.84
3913,6035.45
3914,5352.85
3915,14561.14
3916,8351.37
3917,6828.87
3918,60508.0
3919,9082.21
3920,70093.43
3921,52639.66
3922,32785.11
3923,5661.42
3924,8106.0
3925,58243.18
3926,7626.56
3927,2438.46
3928,7674.14
3929,5585.24
3930,4479.97
3931,4878.51
3932,5981.19
3933,4101.36
3934,5493.54
3935,4770.59
3936,2250.67
3937,7880.8
3938,7336.39
3939,6066.47
3940,6559.32
3941,6136.69
3942,5669.28
3943,43604.02
3944,57011.31
3945,2800.41
3946,12262.766666666665
3947,8576.14
3948,61446.34
3949,5048.29
3950,7590.6
3951,3502.17
3952,6065.92
3953,9326.19
3954,7087.52
3955,1637.05
3956,52682.07
3957,10889.84
3958,3730.72
3959,7448.1
3960,5458.22
3961,57554.54
3962,6157.41
3963,5658.98
3964,59880.35
3965,6384.9
3966,5555.86
3967,10271.06
3968,5595.07
3969,5766.34
3970,59884.84
3971,2826.03
3972,3401.1
3973,7285.14
3974,8369.46
3975,5530.01
3976,39519.44
3977,42148.96
3978,51332.22
3979,4777.09
3980,60594.2
3981,53902.61
3982,11895.27
3983,47878.94
3984,4107.72
3985,5531.21
3986,25982.44
3987,42465.01
3988,8466.81
3989,23980.1
3990,6685.9
3991,4496.0
3992,2587.19
3993,5013.95
3994,4070.02
3995,3844.51
3996,2942.17
3997,57871.92
3998,8788.24
3999,4935.79
4000,61012.97
4001,49422.88
4002,73598.79
4003,6432.72
4004,10306.31
4005,4497.64
4006,2936.59
4007,13777.66
4008,7042.26
4009,5053.83
4010,7347.57
4011,6555.17
4012,67033.0
4013,4577.63
4014,54071.56
4015,9254.06
4016,6085.94
4017,4827.0
4018,32647.37
4019,5154.67
4020,57200.43
4021,4622.62
4022,56652.05
4023,7105.4
4024,6039.32
4025,74575.67
4026,10831.58
4027,7664.51
4028,41895.25
4029,56631.72
4030,54866.88
4031,12401.17
4032,47625.98
4033,2644.87
4034,2923.28
4035,50550.09
4036,2376.7
4037,10469.09
4038,56863.54
4039,5588.44
4040,10294.27
4041,5722.23
4042,3570.42
4043,4768.24
4044,18886.23
4045,5914.18
4046,8937.51
4047,5537.76
4048,7901.45
4049,4377.03
4050,5668.6
4051,23274.6
4052,45668.03
4053,38042.12
4054,3768.36
4055,9686.44
4056,6175.7
4057,2889.3
4058,4507.86
4059,35832.74
4060,7518.1
4061,8166.29
4062,73760.68
4063,5511.26
4064,4715.7
4065,45942.19
4066,10857.45
4067,2504.09
4068,4684.39
4069,1983.02
4070,11883.82
4071,54597.46
4072,58786.68
4073,3010.22
4074,5120.35
4075,14273.83
4076,11703.33
4077,10878.28
4078,49581.45
4079,4584.56
4080,5778.09
4081,13005.87
4082,11799.08
4083,3083.94
4084,4332.81
4085,54659.97
4086,3774.58
4087,11423.65
4088,5960.82
4089,69971.51
4090,7075.59
4091,7653.45
4092,7819.96
4093,7627.74
4094,5564.04
4095,4387.34
4096,54390.05
4097,5912.39
4098,56241.99
4099,60415.48
4100,46041.82
4101,4164.64
4102,3013.87
4103,4427.97
4104,7512.76
4105,70452.43
4106,52502.44
4107,12884.89
4108,9204.05
4109,46680.1
4110,5482.73
4111,85907.49
4112,6872.17
4113,6034.07
4114,14751.78
4115,6906.15
4116,5198.21
4117,62448.0
4118,16355.95
4119,37914.12
4120,4992.34
4121,53785.72
4122,12211.73
4123,55087.81
4124,3815.8
4125,4073.08
4126,3174.17
4127,57369.61
4128,1296.16
4129,12433.95
4130,69081.87
4131,8192.91
4132,44604.08
4133,55983.0
4134,45995.36
4135,4453.07
4136,2082.91
4137,64413.04
4138,59685.6
4139,3592.28
4140,55551.47
4141,4010.77
4142,7764.31
4143,60396.0
4144,6507.7
4145,12273.03
4146,9561.45
4147,5598.86
4148,6914.78
4149,6256.21
4150,4312.63
4151,4378.61
4152,56437.67
4153,6666.06
4154,2839.08
4155,1838.82
4156,7985.32
4157,6801.69
4158,4490.83
4159,6579.76
4160,7828.31
4161,5454.35
4162,3386.05
4163,52227.54
4164,17405.82
4165,6264.89
4166,55035.85
4167,2687.38
4168,4487.49
4169,2152.87
4170,10986.13
4171,4979.99
4172,70584.12
4173,11016.15
4174,5949.0
4175,4710.16
4176,58139.05
4177,65863.07
4178,6826.52
4179,3667.9
4180,10656.73
4181,41064.0
4182,63152.48
4183,6195.55
4184,44152.89
4185,57313.1
4186,3988.79
4187,9669.91
4188,6843.35
4189,4113.91
4190,62446.52
4191,45668.03
4192,4281.88
4193,57060.22
4194,60733.25
4195,60148.85
4196,5291.68
4197,7581.34
4198,2402.17
4199,59212.08
4200,3110.17
4201,52055.67
4202,22151.88
4203,6816.42
4204,6182.7
4205,5711.26
4206,5135.52
4207,33157.68
4208,4647.93
4209,12345.99
4210,41295.84
4211,4199.46
4212,6518.93
4213,8153.86
4214,5473.05
4215,6990.72
4216,49471.5
4217,11398.44
4218,6877.68
4219,5672.14
4220,11398.84
4221,4991.09
4222,4007.6
4223,65582.19
4224,5303.59
4225,7764.88
4226,45693.0
4227,57802.42
4228,3404.87
4229,46041.82
4230,4793.51
4231,59517.57
4232,6285.52
4233,4453.25
4234,11467.21
4235,50962.87
4236,5939.95
4237,10735.45
4238,5254.23
4239,54487.1
4240,13046.3
4241,9917.72
4242,3034.75
4243,5246.93
4244,6977.21
4245,6253.65
4246,3476.53
4247,6617.26
4248,5754.32
4249,2678.2
4250,57082.45
4251,11535.74
4252,7696.08
4253,3687.8
4254,41064.0
4255,2838.93
4256,4258.54
4257,4511.4
4258,6049.95
4259,69555.3
4260,62525.9
4261,2473.03
4262,4049.27
4263,49953.59
4264,3782.82
4265,5545.97
4266,6170.42
4267,43222.47
4268,38042.12
4269,81588.97
4270,11579.49
4271,24529.16
4272,4191.13
4273,2525.7
4274,3960.13
4275,6669.31
4276,5571.74
4277,4575.97
4278,12946.14
4279,48338.82
4280,5604.55
4281,5324.22
4282,6534.64
4283,11577.76
4284,60496.81
4285,6738.37
4286,1987.94
4287,9375.6
4288,56320.76
4289,55840.11
4290,15592.25
4291,9008.59
4292,5300.17
4293,31500.8
4294,5971.0
4295,5930.42
4296,51812.07
4297,17215.77
4298,44385.46
4299,55226.67
4300,44280.0
4301,69069.15
4302,5117.93
4303,19494.65
4304,52639.11
4305,7241.9
4306,84708.81
4307,6495.62
4308,2952.86
4309,57715.05
4310,43947.99
4311,52584.14
4312,28327.15
4313,54025.01
4314,6129.92
4315,59980.02
4316,6096.96
4317,66772.92
4318,53849.71
4319,4420.48
4320,5787.83
4321,7793.61
4322,18227.44
4323,11999.31
4324,65575.8
4325,6642.04
4326,5707.52
4327,6773.12
4328,49553.0
4329,70141.79
4330,5612.61
4331,8176.62
4332,7384.29
4333,44144.0
4334,8364.35
4335,2819.93
4336,75916.43
4337,3724.28
4338,2339.71
4339,51538.22
4340,6328.16
4341,36721.6
4342,4579.36
4343,55110.61
4344,60682.33
4345,5840.15
4346,5922.87
4347,5723.58
4348,3477.1
4349,15508.1
4350,60269.66
4351,5787.21
4352,4773.05
4353,71185.42
4354,4074.1
4355,9045.13
4356,47395.07
4357,49794.92
4358,3661.53
4359,12963.53
4360,4422.57
4361,48278.68
4362,44738.34
4363,4453.0
4364,47785.64
4365,68709.14
4366,62599.04
4367,40467.33
4368,5911.8
4369,41535.34
4370,1398.41
4371,7087.99
4372,63188.49
4373,5395.03
4374,8182.5
4375,56375.81
4376,4390.52
4377,12266.86
4378,32998.97
4379,66854.61
4380,3507.54
4381,60260.0
4382,9464.27
4383,1572.16
4384,70223.41
4385,4487.55
4386,5626.1
4387,4472.82
4388,6264.89
4389,4198.12
4390,11300.61
4391,3999.31
4392,4861.69
4393,6758.68
4394,6072.3
4395,4851.73
4396,61062.82
4397,51650.65
4398,38042.12
4399,69735.62
4400,4436.53
4401,16851.08
4402,63509.03
4403,5793.79
4404,6310.95
4405,1702.39
4406,39676.86
4407,57972.1
4408,5730.62
4409,3969.01
4410,6426.1
4411,4714.76
4412,3698.18
4413,47765.53
4414,4183.7
4415,6312.44
4416,6879.49
4417,55975.93
4418,4894.34
4419,55137.5
4420,51033.5
4421,7278.4
4422,61232.85
4423,5951.58
4424,5311.95
4425,4428.03
4426,38156.36
4427,2235.34
4428,9159.89
4429,6084.64
4430,45524.56
4431,10053.78
4432,10449.09
4433,6783.99
4434,52161.43
4435,35819.01
4436,2923.64
4437,3228.72
4438,5561.44
4439,6014.24
4440,6214.91
4441,6608.21
4442,20010.43
4443,18500.89
4444,3544.19
4445,38362.53
4446,4500.0
4447,12466.61
4448,3574.16
4449,3643.74
4450,41192.58
4451,5690.48
4452,9946.26
4453,4631.55
4454,9681.49
4455,6619.02
4456,3338.23
4457,6429.11
4458,36797.41
4459,7813.75
4460,5987.24
4461,12985.46
4462,5140.42
4463,6892.96
4464,6350.7
4465,5720.12
4466,10068.74
4467,51817.0
4468,25612.56
4469,10481.12
4470,3843.01
4471,45354.46
4472,8026.97
4473,4757.59
4474,4610.44
4475,46526.56
4476,8200.28
4477,70731.87
4478,4849.58
4479,3402.96
4480,4743.8
4481,58820.52
4482,5195.35
4483,3350.98
4484,30300.37
4485,49950.14
4486,3718.6
4487,11175.02
4488,2999.6
4489,3526.5
4490,44385.88
4491,45261.99
4492,54888.49
4493,7938.23
4494,51105.06
4495,8259.76
4496,52425.56
4497,77327.15
4498,22124.66
4499,59547.85
4500,58008.57
4501,7548.17
4502,6519.37
4503,7874.4
4504,3868.36
4505,10977.79
4506,56126.7
4507,5439.8
4508,5538.41
4509,56841.36
4510,52287.0
4511,5062.91
4512,5789.43
4513,6400.69
4514,4895.18
4515,26524.86
4516,5949.97
4517,64208.84
4518,4809.84
4519,6842.43
4520,6200.23
4521,15205.67
4522,6347.23
4523,5601.82
4524,10848.08
4525,5789.77
4526,5289.16
4527,4980.89
4528,15018.62
4529,4133.51
4530,2218.71
4531,4424.6
4532,12574.6
4533,55944.6
4534,8951.63
4535,54434.97
4536,58867.06
4537,4327.78
4538,4728.91
4539,5174.66
4540,7084.97
4541,6812.14
4542,11748.18
4543,53337.14
4544,28217.61
4545,6704.93
4546,44144.0
4547,54608.0
4548,64159.21
4549,5243.3
4550,5200.95
4551,3950.98
4552,6537.51
4553,12296.4
4554,24780.99
4555,8797.46
4556,51595.0
4557,12608.76
4558,13082.28
4559,39648.22
4560,67305.89
4561,7474.74
4562,5192.25
4563,7332.41
4564,3717.42
4565,40058.97
4566,6004.23
4567,11426.61
4568,4868.78
4569,4292.5
4570,4063.89
4571,6074.23
4572,6480.44
4573,7041.84
4574,2544.52
4575,6582.88
4576,4705.75
4577,6058.6
4578,6067.73
4579,2011.94
4580,8499.13
4581,4674.59
4582,51841.92
4583,4238.67
4584,52612.93
4585,3067.48
4586,3329.22
4587,10107.85
4588,56475.88
4589,4065.2
4590,49470.1
4591,10892.9
4592,11947.67
4593,3209.65
4594,37392.67
4595,3864.03
4596,5777.92
4597,8073.39
4598,4289.01
4599,2497.47
4600,6505.82
4601,45872.06
4602,16117.93
4603,55853.74
4604,7694.46
4605,40752.04
4606,7545.92
4607,3367.9
4608,8396.22
4609,4099.55
4610,6748.19
4611,46396.48
4612,74398.05
4613,3999.02
4614,1724.81
4615,56588.0
4616,2299.88
4617,3123.44
4618,4184.41
4619,44871.86
4620,2573.06
4621,9135.68
4622,2798.76
4623,1996.38
4624,9397.89
4625,14637.96
4626,9058.08
4627,38932.16
4628,3353.54
4629,6204.51
4630,9737.2
4631,5616.38
4632,8040.27
4633,72571.22
4634,51207.93
4635,7629.35
4636,53238.37
4637,10382.61
4638,13010.4
4639,38601.68
4640,3988.87
4641,5425.24
4642,8143.08
4643,51849.56
4644,11938.25
4645,3942.78
4646,10363.17
4647,52373.91
4648,2833.44
4649,63596.97
4650,56154.55
4651,13782.79
4652,4173.37
4653,11979.84
4654,47626.27
4655,11877.84
4656,58225.91
4657,66386.48
4658,10976.53
4659,4954.702
4660,56167.6
4661,5111.38
4662,69469.49
4663,15969.5
4664,60831.16
4665,53660.82
4666,4961.93
4667,6554.47
4668,16149.29
4669,5593.07
4670,12061.41
4671,61248.46
4672,10077.79
4673,56475.88
4674,5712.81
4675,55089.94
4676,3940.66
4677,56126.74
4678,42235.69
4679,73038.74
4680,6765.1
4681,5006.77
4682,22888.7
4683,15468.8
4684,58840.36
4685,50880.44
4686,6706.47
4687,44144.0
4688,5728.49
4689,66095.73
4690,10540.63
4691,14319.3
4692,6546.39
4693,54035.99
4694,6522.38
4695,58439.63
4696,6433.58
4697,50662.81
4698,20976.32
4699,22656.64
4700,61307.51
4701,6726.17
4702,6285.01
4703,4357.8
4704,12873.5
4705,8510.14
4706,6304.88
4707,5168.63
4708,2124.0
4709,57039.16
4710,2802.93
4711,6524.91
4712,6669.79
4713,13827.33
4714,6294.49
4715,38099.0
4716,6872.45
4717,3676.88
4718,29438.97
4719,31829.91
4720,52450.57
4721,39498.48
4722,15514.23
4723,31537.71
4724,32408.13
4725,5839.29
4726,5689.5
4727,6471.48
4728,45896.34
4729,4627.33
4730,51153.75
4731,8843.49
4732,68907.76
4733,52295.06
4734,6616.0
4735,54319.27
4736,5497.1
4737,5923.57
4738,42459.85
4739,4513.8
4740,8689.66
4741,46321.32
4742,2894.13
4743,2321.63
4744,4803.69
4745,10238.09
4746,4721.16
4747,51697.0
4748,53711.8
4749,47118.06
4750,10853.07
4751,76160.11
4752,12499.3
4753,6787.27
4754,64467.43
4755,8762.14
4756,3613.61
4757,8055.98
4758,7911.06
4759,2200.95
4760,69265.62
4761,5572.21
4762,42327.28
4763,9353.4
4764,4689.72
4765,10696.63
4766,60977.07
4767,62898.36
4768,59009.35
4769,8742.06
4770,10829.08
4771,4481.45
4772,2650.01
4773,9500.94
4774,53300.7
4775,4349.25
4776,4765.81
4777,52013.96
4778,68673.47
4779,42689.62
4780,3920.84
4781,50594.25
4782,5921.75
4783,41862.43
4784,40980.74
4785,34460.56
4786,5279.7
4787,4687.6
4788,45261.99
4789,7151.26
4790,40892.27
4791,57836.52
4792,8975.63
4793,51372.0
4794,6412.0
4795,81668.85
4796,23952.58
4797,44280.0
4798,8656.35
4799,5107.39
4800,4861.4
4801,2960.84
4802,4268.67
4803,6788.48
4804,6164.47
4805,46654.34
4806,6358.55
4807,4367.4
4808,3168.97
4809,3691.57
4810,5509.22
4811,8693.71
4812,47082.76
4813,6270.05
4814,2814.4
4815,17630.54
4816,7696.39
4817,2892.16
4818,3932.68
4819,3472.28
4820,3078.55
4821,44320.4
4822,63079.78
4823,4919.99
4824,10457.09
4825,7975.13
4826,51486.68
4827,6309.72
4828,4869.33
4829,6026.63
4830,5729.57
4831,6874.45
4832,5786.23
4833,39297.14
4834,5933.85
4835,5983.62
4836,23432.96
4837,52203.83
4838,5118.96
4839,6444.44
4840,61607.12
4841,49723.26
4842,5767.08
4843,51418.7
4844,18032.72
4845,53277.98
4846,5280.23
4847,5217.62
4848,2838.5
4849,44189.62
4850,3071.58
4851,2890.89
4852,6486.07
4853,11299.6
4854,15729.93
4855,4340.02
4856,4099.66
4857,6570.21
4858,5505.23
4859,4114.46
4860,53886.55
4861,7545.74
4862,6231.79
4863,10302.47
4864,42576.04
4865,4124.83
4866,5152.83
4867,2890.12
4868,4650.16
4869,5524.74
4870,7030.77
4871,52777.53
4872,6281.56
4873,10089.09
4874,46106.41
4875,56749.08
4876,5471.88
4877,6137.12
4878,2616.49
4879,41317.08
4880,6356.06
4881,14163.86
4882,37985.0
4883,10099.13
4884,51998.44
4885,60326.18
4886,3434.15
4887,2346.84
4888,7913.23
4889,3158.91
4890,1810.81
4891,56417.38
4892,6220.31
4893,15728.76
4894,7979.65
4895,5622.01
4896,6852.99
4897,13466.94
4898,3649.08
4899,42121.53
4900,5367.02
4901,5889.78
4902,9291.85
4903,6538.62
4904,32923.0
4905,4872.22
4906,66058.03
4907,4668.63
4908,62352.36
4909,2211.71
4910,4771.28
4911,4752.32
4912,6326.59
4913,8021.96
4914,6006.66
4915,62080.75
4916,2611.85
4917,48569.65
4918,49531.2
4919,7847.15
4920,2618.04
4921,72843.98
4922,6580.06
4923,68748.82
4924,5992.28
4925,7617.22
4926,33556.9
4927,12390.64
4928,5587.97
4929,5853.7
4930,55659.05
4931,51479.5
4932,5296.61
4933,4489.04
4934,14439.71
4935,7599.81
4936,5260.47
4937,5997.65
4938,5883.17
4939,47114.79
4940,6501.63
4941,4452.89
4942,6067.98
4943,6195.41
4944,55064.2
4945,55798.67
4946,5732.13
4947,32772.16
4948,8472.68
4949,4128.06
4950,4363.55
4951,37985.0
4952,3975.96
4953,49153.53
4954,2478.05
4955,4408.73
4956,5259.28
4957,4144.16
4958,4669.96
4959,7179.33
4960,4450.49
4961,6201.42
4962,13112.4
4963,4987.73
4964,11693.56
4965,4547.46
4966,56476.0
4967,64627.93
4968,3846.08
4969,2975.18
4970,12523.1
4971,4573.27
4972,4034.17
4973,13065.17
4974,7802.72
4975,7044.81
4976,52186.5
4977,7011.18
4978,3505.51
4979,5490.45
4980,45805.0
4981,8757.36
4982,3993.82
4983,13473.59
4984,2907.89
4985,6570.46
4986,5779.83
4987,3769.76
4988,6186.66
4989,49553.0
4990,27987.6
4991,17603.44
4992,54684.0
4993,7782.49
4994,9884.8
4995,6002.44
4996,60515.9
4997,4473.37
4998,50377.6
4999,49515.79
5000,66486.88
